
  Mrv0541 02031419093D          

 23 24  0  0  1  0            999 V2000
   -0.7427   -0.9081    0.3934 C   0  0  0  0  0  0  0  0  0  0  0  0
   -1.3285    0.5222    0.4640 C   0  0  2  0  0  0  0  0  0  0  0  0
   -2.8752    0.5218    0.6479 C   0  0  2  0  0  0  0  0  0  0  0  0
   -3.4308    1.9646    0.5341 C   0  0  1  0  0  0  0  0  0  0  0  0
   -2.9356    2.6446   -0.7695 C   0  0  2  0  0  0  0  0  0  0  0  0
   -1.3873    2.5654   -0.8938 C   0  0  2  0  0  0  0  0  0  0  0  0
   -0.9453    1.1981   -0.7553 O   0  0  0  0  0  0  0  0  0  0  0  0
   -0.7779    3.4804    0.0535 O   0  0  0  0  0  0  0  0  0  0  0  0
    0.6106    3.8854   -0.0956 C   0  0  1  0  0  0  0  0  0  0  0  0
    0.9611    4.5373   -1.4611 C   0  0  2  0  0  0  0  0  0  0  0  0
    2.0498    5.5684   -1.1189 C   0  0  1  0  0  0  0  0  0  0  0  0
    1.7471    5.9067    0.3631 C   0  0  2  0  0  0  0  0  0  0  0  0
    0.7490    4.9801    0.8266 O   0  0  0  0  0  0  0  0  0  0  0  0
    1.2329    7.3517    0.5730 C   0  0  0  0  0  0  0  0  0  0  0  0
    0.9401    7.5925    1.9453 O   0  0  0  0  0  0  0  0  0  0  0  0
    3.3611    5.0233   -1.2681 O   0  0  0  0  0  0  0  0  0  0  0  0
   -0.1695    5.2223   -2.0033 O   0  0  0  0  0  0  0  0  0  0  0  0
    1.5868    2.7441    0.3250 C   0  0  0  0  0  0  0  0  0  0  0  0
    1.3302    2.3279    1.6610 O   0  0  0  0  0  0  0  0  0  0  0  0
   -3.3655    4.0039   -0.8121 O   0  0  0  0  0  0  0  0  0  0  0  0
   -4.8579    1.9284    0.5653 O   0  0  0  0  0  0  0  0  0  0  0  0
   -3.2375   -0.0208    1.9158 O   0  0  0  0  0  0  0  0  0  0  0  0
    0.6609   -0.8665    0.1529 O   0  0  0  0  0  0  0  0  0  0  0  0
  1  2  1  0  0  0  0
  2  3  1  0  0  0  0
  3  4  1  0  0  0  0
  4  5  1  0  0  0  0
  5  6  1  0  0  0  0
  6  7  1  0  0  0  0
  2  7  1  0  0  0  0
  6  8  1  0  0  0  0
  8  9  1  0  0  0  0
  9 10  1  0  0  0  0
 10 11  1  0  0  0  0
 11 12  1  0  0  0  0
 12 13  1  0  0  0  0
  9 13  1  0  0  0  0
 12 14  1  0  0  0  0
 14 15  1  0  0  0  0
 11 16  1  0  0  0  0
 10 17  1  0  0  0  0
  9 18  1  0  0  0  0
 18 19  1  0  0  0  0
  5 20  1  0  0  0  0
  4 21  1  0  0  0  0
  3 22  1  0  0  0  0
  1 23  1  0  0  0  0
M  END
$$$$
